50
50 50
552
12 7
24 34
35 41
29 32
25 35
40 3
30 24
23 19
33 47
41 25
45 38
44 18
35 27
1 43
4 12
6 31
12 42
46 9
18 21
5 21
15 6
29 19
42 39
38 30
29 44
38 40
19 26
5 14
5 13
2 47
34 20
2 12
10 19
20 47
15 23
18 22
40 5
47 16
16 26
43 15
28 8
38 44
11 44
37 23
18 8
39 11
21 9
3 23
8 42
43 49
19 41
4 29
30 32
33 4
46 6
46 16
32 47
33 2
26 24
42 36
46 38
11 45
26 46
46 20
9 21
18 25
46 49
18 43
45 22
37 12
26 17
16 8
16 3
24 29
36 26
43 43
18 29
17 15
28 25
8 10
21 9
47 20
7 16
41 48
11 44
37 28
12 11
5 9
32 33
49 12
7 13
21 39
23 18
22 9
29 44
4 39
49 29
3 1
2 7
1 22
1 31
36 24
31 11
17 27
29 24
48 48
40 10
33 15
38 36
11 47
34 33
14 30
22 19
35 0
1 29
7 10
22 27
7 47
5 20
40 41
21 16
38 43
44 25
16 5
1 22
31 24
16 41
20 21
39 15
13 24
3 23
4 17
13 22
7 33
30 30
29 39
37 6
29 45
8 0
20 45
38 42
9 16
30 8
27 29
5 14
16 39
20 39
5 19
36 38
49 16
49 8
14 12
23 17
15 9
27 10
28 37
29 47
13 18
3 0
27 29
34 10
6 2
23 41
6 28
12 3
23 17
35 45
26 12
27 18
26 11
44 27
20 33
2 5
13 7
37 7
26 35
15 4
46 33
16 19
13 35
0 15
34 10
2 39
9 21
0 27
23 6
0 43
49 14
20 6
8 26
29 47
18 30
9 10
40 46
48 47
45 11
15 38
43 9
10 18
4 21
4 0
7 17
37 42
33 42
35 37
16 15
43 25
26 26
35 32
35 49
0 19
20 46
8 43
36 30
15 19
17 5
36 36
38 7
40 14
18 16
9 21
1 26
43 6
27 36
30 40
25 25
7 40
35 33
49 41
46 39
9 44
33 2
39 12
39 29
17 7
25 9
1 9
21 8
18 36
32 3
1 9
40 29
24 48
9 31
4 41
47 35
31 14
48 32
9 8
14 18
4 37
24 39
18 45
29 14
36 12
42 43
35 10
4 46
18 25
8 19
43 7
16 9
9 26
10 41
38 23
16 40
34 30
48 5
27 7
26 11
43 1
27 22
28 31
49 17
30 1
7 3
41 19
12 17
35 16
46 20
29 44
34 46
35 42
21 3
15 27
46 42
21 13
5 2
45 9
12 44
16 12
13 14
20 44
22 7
34 31
1 38
1 5
14 14
27 34
44 4
23 47
23 44
1 10
44 42
28 13
6 31
6 40
27 0
0 42
37 10
11 4
8 4
15 5
48 38
30 22
1 17
15 47
38 21
40 0
40 29
25 42
47 29
24 13
25 21
41 47
30 46
39 9
8 36
44 30
13 20
11 24
27 5
39 49
34 4
29 49
21 19
2 26
26 24
35 19
4 18
18 37
37 28
41 9
39 27
22 45
23 41
1 11
7 48
11 2
18 5
36 32
1 40
38 12
5 1
20 46
29 27
10 15
14 46
9 32
44 14
26 33
15 39
6 6
21 37
46 16
38 25
46 2
7 29
20 35
42 21
42 7
17 28
10 45
40 7
28 44
26 2
33 6
4 11
39 10
19 42
47 17
11 32
23 5
7 4
7 44
12 49
20 43
42 31
46 31
12 18
10 21
33 16
11 3
10 9
40 3
8 25
37 7
26 35
10 20
35 0
23 22
15 22
49 5
43 0
32 28
33 12
29 13
43 27
16 45
31 42
19 22
29 8
37 39
43 38
26 37
41 31
9 1
31 5
9 4
23 48
43 48
5 33
37 18
2 17
35 8
0 41
23 39
28 2
13 16
19 31
24 28
43 46
43 37
41 35
1 42
37 6
45 45
17 42
42 46
33 28
10 7
21 36
3 9
26 42
0 43
11 49
5 12
40 5
11 4
19 45
37 23
24 46
8 21
22 41
21 34
34 11
36 36
8 4
38 2
23 23
10 25
15 40
11 10
18 21
22 31
7 48
4 31
16 6
1 35
46 9
30 38
29 2
21 40
47 49
40 26
33 36
27 22
18 24
7 3
17 37
33 41
31 24
17 3
33 31
28 13
30 34
25 32
29 36
8 48
40 42
41 4
29 17
2 26
19 1
0 29
44 41
39 4
13 3
21 46
12 14
27 11
12 21
45 34
25 31
29 17
6 12
23 20
25 25
49 29
26 23
43 9
48 25
34 25
36 14
44 32
21 3
33 39
18 24
11 7
25 34
25 1
2 20
48 45
19 48
4 17
13 40
36 33
17 10
43 37
38 38
44 21
33 23
35 15
35 29
28 25
37 4
12 48
4 20
15 22
25 26
1 39
11 7
22 46
21 31
5 23
35 39
0 27
29 15
2 47
30 35
47 1
11 1
